#1
char Aclass(3,11)
Atrajectory
1.1

char name(26,11)
time
pi
psi_0
theta
zeta
l1
l2
n
eta
alpha_0
dalpha_0
dpsi_0
beta
T
sigmamax
sigma
der(alpha)
der(dalpha)
der(psi)
der(dpsi)
alpha
dalpha
psi
dpsi
ddpsi
P

char description(26,11)
Time in [s]


























int dataInfo(26,4)
0 1 0 -1 # time
1 2 0 -1 # pi
1 3 0 -1 # psi_0
1 4 0 -1 # theta
1 5 0 -1 # zeta
1 6 0 -1 # l1
1 7 0 -1 # l2
1 8 0 -1 # n
1 9 0 -1 # eta
1 10 0 -1 # alpha_0
1 11 0 -1 # dalpha_0
1 12 0 -1 # dpsi_0
1 13 0 -1 # beta
1 14 0 -1 # T
1 15 0 -1 # sigmamax
1 16 0 -1 # sigma
2 2 0 -1 # der(alpha)
2 3 0 -1 # der(dalpha)
2 4 0 -1 # der(psi)
2 5 0 -1 # der(dpsi)
2 6 0 -1 # alpha
2 7 0 -1 # dalpha
2 8 0 -1 # psi
2 9 0 -1 # dpsi
2 10 0 -1 # ddpsi
2 11 0 -1 # P

float data_1(2,16)
0.000000000000 3.141592650000 0.000000000000 0.200000000000 10.000000000000 20.000000000000 10.000000000000 5.000000000000 0.500000000000 -2.094395098803 5.000000000000 5.000000000000 0.099668652491 1.256637060000 1.986693307951 0.993346653975
1.000000000000 3.141592650000 0.000000000000 0.200000000000 10.000000000000 20.000000000000 10.000000000000 5.000000000000 0.500000000000 -2.094395098803 5.000000000000 5.000000000000 0.099668652491 1.256637060000 1.986693307951 0.993346653975

float data_2(27,11)
 0.000000000000 5.000000000000 0.002125719367 5.000000000000 0.000000000000 -2.094395098803 5.000000000000 0.000000000000 5.000000000000 0.000000000000 25.000000000000
 0.000000212772 5.000000000452 0.002125719345 5.000000000000 0.000000000000 -2.094394034943 5.000000000452 0.000001063861 5.000000000000 0.000000000000 25.000000004523
 0.000000425544 5.000000000905 0.002125719322 5.000000000000 0.000000000000 -2.094392971082 5.000000000905 0.000002127722 5.000000000000 0.000000000000 25.000000009046
 0.000000851089 5.000000001841 0.002125719276 5.000000000000 0.000000000000 -2.094390843360 5.000000001809 0.000004255443 5.000000000000 0.000000000000 25.000000018092
 0.000001702177 5.000000003618 0.002125719188 5.000000000000 0.000000000000 -2.094386587917 5.000000003618 0.000008510886 5.000000000000 0.000000000000 25.000000036184
 0.000003404355 5.000000007237 0.002125719010 5.000000000000 0.000000000000 -2.094378077030 5.000000007237 0.000017021773 5.000000000000 0.000000000000 25.000000072367
 0.000006808709 5.000000014473 0.002125718652 5.000000000000 0.000000000000 -2.094361055257 5.000000014473 0.000034043546 5.000000000000 0.000000000000 25.000000144734
 0.000013617418 5.000000028947 0.002125717937 5.000000000000 0.000000000000 -2.094327011711 5.000000028947 0.000068087092 5.000000000000 0.000000000000 25.000000289468
 0.000027234837 5.000000057894 0.002125716506 5.000000000000 0.000000000000 -2.094258924619 5.000000057894 0.000136174184 5.000000000000 0.000000000000 25.000000578936
 0.000054469674 5.000000115787 0.002125713644 5.000000000000 0.000000000000 -2.094122750432 5.000000115787 0.000272348368 5.000000000000 0.000000000000 25.000001157871
 0.000108939347 5.000000231574 0.002125707917 5.000000000000 0.000000000000 -2.093850402055 5.000000231574 0.000544696736 5.000000000000 0.000000000000 25.000002315739
 0.000217878694 5.000000463146 0.002125696457 5.000000000000 0.000000000000 -2.093305705282 5.000000463146 0.001089393471 5.000000000000 0.000000000000 25.000004631465
 0.000435757388 5.000000926288 0.002125673503 5.000000000000 0.000000000000 -2.092216311660 5.000000926288 0.002178786942 5.000000000000 0.000000000000 25.000009262880
 0.000871514777 5.000001852556 0.002125627466 5.000000000000 0.000000000000 -2.090037524112 5.000001852556 0.004357573884 5.000000000000 0.000000000000 25.000018525562
 0.001743029554 5.000003705031 0.002125534874 5.000000000000 0.000000000000 -2.085679947806 5.000003705031 0.008715147768 5.000000000000 0.000000000000 25.000037050325
 0.003486059107 5.000007409737 0.002125347617 5.000000000000 0.000000000000 -2.076964790352 5.000007409737 0.017430295536 5.000000000000 0.000000000000 25.000074097429
 0.006972118214 5.000014818152 0.002124964814 5.000000000000 0.000000000000 -2.059534456073 5.000014818152 0.034860591072 5.000000000000 0.000000000000 25.000148181741
 0.013944236429 5.000029630830 0.002124166072 5.000000000000 0.000000000000 -2.024673710054 5.000029630830 0.069721182144 5.000000000000 0.000000000000 25.000296309178
 0.027888472858 5.000059238295 0.002122436177 5.000000000000 0.000000000000 -1.954951908351 5.000059238295 0.139442364288 5.000000000000 0.000000000000 25.000592386459
 0.055776945715 5.000118371408 0.002118447929 5.000000000000 0.000000000000 -1.815507067854 5.000118371408 0.278884728576 5.000000000000 0.000000000000 25.001183728093
 0.111553891430 5.000236228746 0.002108368381 5.000000000000 0.000000000000 -1.536612454211 5.000236228746 0.557769457152 5.000000000000 0.000000000000 25.002362343262
 0.223107782861 5.000469662944 0.002079903842 5.000000000000 0.000000000000 -0.978803670817 5.000469662944 1.115538914305 5.000000000000 0.000000000000 25.004696850024
 0.334661674291 5.000699227130 0.002040531052 5.000000000000 0.000000000000 -0.420969103913 5.000699227130 1.673308371457 5.000000000000 0.000000000000 25.006992760597
 0.446215565722 5.000923781697 0.001990515575 5.000000000000 0.000000000000 0.136890757453 5.000923781697 2.231077828609 5.000000000000 0.000000000000 25.009238671380
 0.557769457152 5.001142179256 0.001930179682 5.000000000000 0.000000000000 0.694775292370 5.001142179256 2.788847285762 5.000000000000 0.000000000000 25.011423098679
 0.780877240013 5.001556639010 0.001779712202 5.000000000000 0.000000000000 1.810615438969 5.001556460124 3.904386200066 5.000000000000 0.000000000000 25.015567024341
 1.000000000000 5.001927465061 0.001597202639 5.000000000000 0.000000000000 2.906611280141 5.001927141970 5.000000000000 5.000000000000 0.000000000000 25.019275133918

