#1
char Aclass(3,11)
Atrajectory
1.1

char name(4,6)
time
der(x)
x
y

char description(4,11)
Time in [s]




int dataInfo(4,4)
0 1 0 -1 # time
2 2 0 -1 # der(x)
2 3 0 -1 # x
2 4 0 -1 # y

float data_1(2,1)
0.000000000000
1.000000000000

float data_2(45,4)
 0.000000000000 1.000000000000 1.000000000000 1.000000000000
 0.000001414214 1.000001414216 1.000001414216 1.000002828433
 0.000002828427 1.000002828433 1.000002828433 1.000005656874
 0.000005656854 1.000005757888 1.000005656873 1.000011313778
 0.000011313708 1.000011313777 1.000011313777 1.000022627683
 0.000022627417 1.000022627613 1.000022627613 1.000045255738
 0.000045254834 1.000045255839 1.000045255839 1.000090513726
 0.000090509668 1.000090513697 1.000090513697 1.000181035586
 0.000181019336 1.000181035679 1.000181035679 1.000362104133
 0.000362038672 1.000362104138 1.000362104138 1.000724339396
 0.000724077344 1.000724339499 1.000724339499 1.001449203665
 0.001448154688 1.001449203773 1.001449203773 1.002900507737
 0.002896309376 1.002900508425 1.002900508425 1.005809429799
 0.005792618751 1.005809434566 1.005809434566 1.011652618662
 0.011585237503 1.011652656610 1.011652656610 1.023441097625
 0.017377856254 1.017529838907 1.017529838907 1.035366971493
 0.023170475006 1.023441169346 1.023441169346 1.047431822682
 0.028963093757 1.029386843179 1.029386843179 1.059637265984
 0.040548331260 1.041381947693 1.041381947693 1.084476360980
 0.063718806266 1.065793158758 1.065793158758 1.135915057256
 0.082808148296 1.086334361126 1.086333986428 1.180121513206
 0.101897490326 1.107270428065 1.107270642309 1.226048254986
 0.120986832356 1.128612601038 1.128610802999 1.273762098425
 0.140076174385 1.150363099874 1.150362244917 1.323332968083
 0.159165516415 1.172534239819 1.172532900819 1.374833152999
 0.178254858445 1.195130938019 1.195130820092 1.428337665258
 0.197344200475 1.218165427975 1.218164246507 1.483924155273
 0.235522884534 1.265571783883 1.265571345116 1.601670677063
 0.267781601421 1.307062545774 1.307062657130 1.708412803720
 0.300040318307 1.349914708157 1.349914277090 1.822268611652
 0.336837818898 1.400513017398 1.400513017398 1.961436711902
 0.373635319489 1.453008348818 1.453008348818 2.111233247808
 0.410432820080 1.507471352262 1.507471352262 2.272469855640
 0.447230320671 1.563975783848 1.563975783848 2.446020222265
 0.484027821262 1.622598166237 1.622598166237 2.632824768507
 0.520825321853 1.683417887974 1.683417887974 2.833895729344
 0.557622822444 1.746517301922 1.746517301778 3.050322684455
 0.594420323035 1.811981946598 1.811981855711 3.283278216662
 0.668015324218 1.950364308256 1.950364308256 3.803920934918
 0.728225728807 2.071403797150 2.071403865026 4.290713967610
 0.788436133396 2.199954948187 2.199955158931 4.839801651080
 0.848646537985 2.336484957122 2.336484377829 5.459157546530
 0.908856942575 2.481486887494 2.481486610892 6.157774946618
 0.969067347164 2.635488270253 2.635487681969 6.945793604258
 1.000000000000 2.718284218710 2.718284275868 7.389069404430

