#1
char Aclass(3,11)
Atrajectory
1.1

char name(22,11)
time
pi
theta
zeta
l1
l2
n
T
eta
beta
sigmamax
sigma
der(alpha)
der(dalpha)
der(psi)
der(dpsi)
alpha
dalpha
psi
dpsi
ddpsi
P

char description(22,11)
Time in [s]






















int dataInfo(22,4)
0 1 0 -1 # time
1 2 0 -1 # pi
1 3 0 -1 # theta
1 4 0 -1 # zeta
1 5 0 -1 # l1
1 6 0 -1 # l2
1 7 0 -1 # n
1 8 0 -1 # T
1 9 0 -1 # eta
1 10 0 -1 # beta
1 11 0 -1 # sigmamax
1 12 0 -1 # sigma
2 2 0 -1 # der(alpha)
2 3 0 -1 # der(dalpha)
2 4 0 -1 # der(psi)
2 5 0 -1 # der(dpsi)
2 6 0 -1 # alpha
2 7 0 -1 # dalpha
2 8 0 -1 # psi
2 9 0 -1 # dpsi
2 10 0 -1 # ddpsi
2 11 0 -1 # P

float data_1(2,12)
0.000000000000 3.141592650000 0.200000000000 10.000000000000 20.000000000000 10.000000000000 5.000000000000 1.000000000000 0.500000000000 0.099668652491 1.986693307951 0.993346653975
1.000000000000 3.141592650000 0.200000000000 10.000000000000 20.000000000000 10.000000000000 5.000000000000 1.000000000000 0.500000000000 0.099668652491 1.986693307951 0.993346653975

float data_2(12,11)
 0.000000000000 0.000000000000 0.000000000000 0.000000000000 0.000000000000 0.000000000000 0.000000000000 0.000000000000 0.000000000000 0.000000000000 0.000000000000
 0.001000000000 0.000000000000 0.000000000000 0.000000000000 0.000000000000 0.000000000000 0.000000000000 0.000000000000 0.000000000000 0.000000000000 0.000000000000
 0.002000000000 0.000000000000 0.000000000000 0.000000000000 0.000000000000 0.000000000000 0.000000000000 0.000000000000 0.000000000000 0.000000000000 0.000000000000
 0.004000000000 0.000000000000 0.000000000000 0.000000000000 0.000000000000 0.000000000000 0.000000000000 0.000000000000 0.000000000000 0.000000000000 0.000000000000
 0.008000000000 0.000000000000 0.000000000000 0.000000000000 0.000000000000 0.000000000000 0.000000000000 0.000000000000 0.000000000000 0.000000000000 0.000000000000
 0.016000000000 0.000000000000 0.000000000000 0.000000000000 0.000000000000 0.000000000000 0.000000000000 0.000000000000 0.000000000000 0.000000000000 0.000000000000
 0.032000000000 0.000000000000 0.000000000000 0.000000000000 0.000000000000 0.000000000000 0.000000000000 0.000000000000 0.000000000000 0.000000000000 0.000000000000
 0.064000000000 0.000000000000 0.000000000000 0.000000000000 0.000000000000 0.000000000000 0.000000000000 0.000000000000 0.000000000000 0.000000000000 0.000000000000
 0.128000000000 0.000000000000 0.000000000000 0.000000000000 0.000000000000 0.000000000000 0.000000000000 0.000000000000 0.000000000000 0.000000000000 0.000000000000
 0.256000000000 0.000000000000 0.000000000000 0.000000000000 0.000000000000 0.000000000000 0.000000000000 0.000000000000 0.000000000000 0.000000000000 0.000000000000
 0.512000000000 0.000000000000 0.000000000000 0.000000000000 0.000000000000 0.000000000000 0.000000000000 0.000000000000 0.000000000000 0.000000000000 0.000000000000
 1.000000000000 0.000000000000 0.000000000000 0.000000000000 0.000000000000 0.000000000000 0.000000000000 0.000000000000 0.000000000000 0.000000000000 0.000000000000

